0 0.076171875 0.511962890625 0.068359375 0.09814453125
0 0.1455078125 0.511474609375 0.068359375 0.09814453125
0 0.212890625 0.5107421875 0.06640625 0.099609375
0 0.28271484375 0.5107421875 0.0654296875 0.1025390625
0 0.350260416667 0.50927734375 0.0657552083333 0.099609375
0 0.418782552083 0.510009765625 0.0654296875 0.10107421875
0 0.486165364583 0.50830078125 0.0673828125 0.1025390625
0 0.553059895833 0.505615234375 0.06640625 0.10107421875
0 0.621419270833 0.50341796875 0.06640625 0.1025390625
0 0.690104166667 0.50341796875 0.06640625 0.10546875
0 0.756998697917 0.502685546875 0.0693359375 0.10693359375
0 0.825846354167 0.501220703125 0.06640625 0.10107421875
0 0.893229166667 0.501953125 0.06640625 0.1025390625
0 0.962239583333 0.50048828125 0.0657552083333 0.1025390625
